65101
35318
44405
17493
02497
37690
57062
74636
97620
91262
19998
08184
55720
44931
19383
09199
47897
20821
21646
35657
54052
45916
51482
49819
48888
37793
74615
93000
91562
09555
88982
69332
66862
90963
90097
27289
13161
83289
08667
30850
23547
72596
35120
72877
41873
82375
55457
68398
31157
69285
86546
97306
26617
46220
99586
70412
26354
30826
15051
46158
83110
98467
78031
61277
97630
94325
91542
43980
89277
16172
91526
23674
60298
34116
25019
31701
78724
99783
92291
17218
24149
34508
29354
88413
00296
19505
09930
50160
25741
28176
10334
21547
83532
34090
70786
47842
40292
84304
21197
16103
07151
62258
62331
39701
60446
29937
67816
17560
64500
26795
63317
55212
48068
68699
59105
88369
74263
82539
12474
17778
01249
10100
58310
